0001001010000000010000000100001000000000000010000100010001000001
0000001000000000000000100000001000000000000000010000000001000100
0000010000000000000110000000100000000001000000000010001000000000
1000001000000110010110000000100000010000000000000010000000000010
0000000000000010000000000000001000010000010010100000000011010000
0010000000100000000000000000000010100100000000000000001010000000
1101000100000100000100001000001010000100000000000100000000100000
0000001000001100010000001000000000000000000000010000001001000000
1000000000101100000000011000000001000001000000000000000000000000
0000000000000000000000001001100000000000000000001000000000010000
0000010010010000000000000000010000000001000000000000000000000000
0000000000100000000001000000000000000001000000000001001000001000
0000000110000000000000010100001100000000100000010000000000111010
0001001110000000000000000000010000000000000010010111000000100000
0001100000000000000000000000000000110000000010000000000000001000
0000000000000000000101000000000010000000000000000000000000000001
0000000000000000000100000100100000000001000000000000000000000000
1001000100000000001000000100000000000000000100000000000000001000
0000000000000000010001000000010000000100000000000010100000000000
0011001000000001100001000001000000010000000000010000100000000000
0011000000000000000000000001000010000110000000100100000000100000
0000000000010001001100000100000100001000100000000110000001000000
0100000000000000000000000000000000001000000001001011000000000000
0000000010001000000000000010001000100100000000001100010000010000
0000001111000000000000000000000000000100000000000001000010000100
1000000000001000110001000000011000001000000000000000100100000000
0000000000000000000000010001000001000000111000000100000100100000
0000000001000000000110000010100001000000001110000010000010001010
0011000001000000100000000001010100000000001000001001000000010000
0000000000100100001000000100101010100000000000100000000000110000
1100101000001000000000010100010000001000000000000000001000001001
0000000000001000000001000000100000000000000000000001001001000000
0000011000000001000010000000010000011000000000001000100000001000
0000000010000000000000000011000000000000001000000011010000001000
0000010000000010000000010000010000000000000000000100100000011000
0001100000000010000100000000000010000000000000010000000000100000
0000000000000000000001100100001010000000000000010000000010000010
0000011000000000001010011000000000000000001000000000100000000000
0000000000000000000010000000000000000000000000010000000000000000
0010000010110000100000000000000000000000000000000010000000000000
0000000000001000000001000010000000000000000010000100001000000000
0000100000000000000000000010000000000000000000000010000000000010
0000000000000000000000000011100001000100000001100000000000000000
0000000000000000010000000001000000000000000010000001000010011010
1000100000000110000000000001000000000000100100000000000000010000
0000000000000000000000100000000000000000001000000001100000000000
0000100000000000000010000000010000000000001000000000000000011100
0100000100001100000100000000000000011010000000000010100000000010
0000000001000000000000110000100010000000000000000000000100010000
1000001000000100000011010010000000100000100000000001000000000010
0011000000000100001001100001000001000001010000010000000000000000
0000000000010100000000101000100101000000000101000100000000001000
0000000000000000001100000100000010100100000001010000010000100000
1000000000000000000000010000000001000000000000000000100011000000
0010010100010000000000000000001100000000100000000000000000000000
0000000000000000000000000110000000000000000000001000000000000000
0000110000000000000000001001000000001000000100000000010000000000
1100100100000000000001000000000100000000000000000000010000000001
0000001000001100000010000010010000010000000000000000100000000000
0000100001001000000000010000110000100000000110101000000000000000
0000000000011010010000000001001011100000000100100001000000000000
0100000000000000000000001000000000000000000000100000000000000010
0001000000001000000000000001000000001000010100010100000000000100
1000000000000001000000000000001000000000000000000000000001000000

